6907526725024313 1491181596481 324
774865376524123 4494065449480923 96040520412223
3057030994853 8632 447466
99762882981 1372956835 676599479534
879 295991058235678558 427587927
30217094698947 6536261805883 2
0 51813166077673 622087434012375
80365582013286 338 63343282929254
61111031 399 643303982912
3033218575225 993673 958919610010122838
5584454 657880634 353063246451285
603355983 291459058528387 649611118
549963375502632 5716994 434238
153 969109226872045756 5095894067
921069 59474345244255007 981566
4329888017 462828 90413626498160456
937 3778 14
30449 9577 81855882930
3445066 226880827 304
4249773852922 968589729 928081970
0 97542582330 510635224176271895
250517546808490607 3647111 9333643533
871243450127808 1515554 2939006909
859951380549 441648246966 11486748297064989
51 6294515477799229 60845398281174
54 97387726461677185 552823
769673249482426050 245 66583823723541
75027 89413679350 9344067493413
5450 352931 260
7517301078 7000450 7418947
138706312615 204071189886103 665771215123266915
892 2 8610702411791084
116770273504 976734710 17112441403916
924435982 38 19719766675459
11713 658860 624467805801
31163828294 5526747762650 9928547484754
6 512327873205833549 299518873628745
8302970789 28 37
33638513 19131435532926112 590776283649
43143522740774128 971547076652342 3174971419
291 41543146306095093 8805167827120
254 65467044619729433 85125573486345213
2 29711 20
18879205 5336155827069 72993
378 183066211 12994851583
6 2172906 5015424191903
77407455 17431658504140371 1072
9078 48 2
8031336 3355280161538 1693800918290289
34283089382 4849 701