23914297 6 60113954
93222543 56007 1379
5 850271 6097
37287 719325 95
1310 23995802 713160
1514 84 93
887 498218 7
4321536 80300 25724918
3953 8178 313
9468 1620391 4879
7 9347 45392446
8850 95183 333960
72674 4398316 1
24 4 814816
499 1 3
798 64302010 276
845 394275 8
7923024 9610 1649
552706 5851466 947213
9714 6116852 468
28 9 556727
108 1849476 1
9 52167 641146
671 90612974 497409
65 5468372 8923
52 54 852
35184203 7850982 1
7332 4 372779
68 5 22
4698819 50 66633621
4183 820661 378680
32587 702 2183706
5806095 93929 749089
809254 936 53049
74269 3442 16472373
6287279 59 3101
9040 769 7
81 875 68370
707 951797 913
57 369236 50
66918847 3675750 74088524
53 37 5
7211021 52 744464
23 8510 679093
0 9 7407
234004 715 0
36789 4283 91
5821514 566717 585
8028857 82148895 6019445
4822 2659 52696